## 32 Nodes

python3 main.py --file ../data/data_32.xml 
Best parameters Found: (30, 300, 3, 4, 40, 0.7)
Best solution: [[1, 19, 29, 26, 30, 7, 5, 4, 3, 1], [1, 31, 27, 13, 28, 32, 17, 24, 9, 1], [1, 25, 15, 20, 18, 22, 14, 1], [1, 6, 12, 11, 16, 10, 23, 2, 1], [1, 8, 21, 1]]
Fitness: 1515.4396221223396

## 72 Nodes
(env) kinanal-falakh@Kinans-MacBook-Air src % python3 main.py --file ../data/data_72.xml --ants 50 --max_iter 500 --alpha 1 --beta 4  --Q 50 --rho 0.7
Best solution: [[1, 21, 30, 24, 27, 26, 25, 31, 22, 23, 29, 28, 43, 44, 47, 54, 46, 45, 48, 49, 53, 71, 51, 50, 52, 42, 56, 55, 1], [1, 32, 33, 35, 57, 58, 62, 61, 59, 60, 64, 66, 65, 63, 67, 68, 69, 40, 70, 38, 39, 41, 15, 20, 16, 3, 18, 17, 13, 14, 1], [1, 12, 2, 1], [1, 34, 37, 36, 19, 72, 7, 11, 6, 4, 9, 5, 8, 10, 1]]
Fitness: 273.0946857896518

(env) kinanal-falakh@Kinans-MacBook-Air src % python3 main.py --file ../data/data_72.xml --ants 20 --max_iter 250 --alpha 1 --beta 3  --Q 150 --rho 0.3
Best solution: [[1, 32, 33, 35, 57, 58, 42, 56, 55, 61, 62, 59, 60, 64, 63, 65, 66, 67, 68, 69, 40, 70, 38, 39, 41, 15, 20, 16, 3, 18, 17, 13, 14, 1], [1, 21, 30, 31, 22, 23, 29, 28, 45, 47, 54, 44, 43, 48, 49, 71, 52, 50, 51, 53, 46, 25, 26, 27, 24, 1], [1, 36, 34, 37, 19, 72, 7, 11, 6, 4, 9, 5, 8, 10, 1], [1, 12, 2, 1]]
Fitness: 278.24344655048446

(env) kinanal-falakh@Kinans-MacBook-Air src % python3 main.py --file ../data/data_72.xml --ants 50 --max_iter 300 --alpha 2 --beta 2 --Q 100 --rho 0.7
Best solution: [[1, 12, 2, 16, 3, 1], [1, 32, 33, 35, 62, 61, 63, 66, 64, 65, 67, 68, 69, 40, 60, 59, 56, 55, 57, 58, 42, 26, 27, 25, 1], [1, 21, 30, 24, 22, 23, 29, 28, 31, 53, 46, 54, 47, 45, 43, 44, 49, 48, 51, 50, 52, 71, 41, 39, 38, 70, 13, 17, 18, 14, 20, 15, 1], [1, 37, 36, 34, 4, 6, 9, 5, 8, 10, 11, 7, 72, 19, 1]]
Fitness: 306.70591828119746

(env) kinanal-falakh@Kinans-MacBook-Air src % python3 main.py --file ../data/data_72.xml --ants 20 --max_iter 250 --alpha 2 --beta 4  --Q 50 --rho 0.3 
Best solution: [[1, 21, 30, 24, 27, 25, 26, 22, 23, 29, 28, 31, 42, 58, 57, 40, 69, 68, 67, 60, 59, 55, 1], [1, 19, 12, 15, 20, 16, 3, 18, 14, 13, 17, 72, 1], [1, 2, 11, 6, 4, 9, 5, 8, 10, 7, 34, 37, 36, 1], [1, 33, 32, 35, 56, 62, 61, 63, 64, 66, 65, 70, 38, 39, 41, 50, 51, 71, 52, 48, 49, 46, 54, 47, 44, 43, 45, 53, 1]]
Fitness: 310.33941845116226

(env) kinanal-falakh@Kinans-MacBook-Air src % python3 main.py --file ../data/data_72.xml --ants 20 --max_iter 250 --alpha 3 --beta 5  --Q 50 --rho 0.7
Best solution: [[1, 25, 26, 27, 24, 30, 21, 31, 22, 23, 29, 28, 49, 48, 50, 52, 71, 51, 43, 45, 47, 44, 60, 62, 61, 1], [1, 34, 37, 36, 19, 72, 7, 11, 9, 8, 5, 10, 4, 6, 17, 18, 14, 13, 54, 46, 53, 1], [1, 12, 2, 16, 1], [1, 3, 20, 41, 39, 38, 70, 32, 33, 35, 66, 64, 65, 63, 40, 58, 57, 56, 55, 42, 15, 59, 67, 68, 69, 1]]
Fitness: 394.6363601319923

(env) kinanal-falakh@Kinans-MacBook-Air src % python3 main.py --file ../data/data_72.xml --ants 20 --max_iter 250 --alpha 4 --beta 6  --Q 50 --rho 0.7
Best solution: [[1, 72, 7, 37, 36, 34, 70, 38, 39, 41, 60, 59, 62, 61, 21, 24, 27, 25, 26, 1], [1, 67, 68, 49, 48, 44, 43, 45, 47, 54, 46, 53, 58, 57, 35, 33, 32, 71, 52, 50, 51, 1], [1, 20, 3, 16, 63, 65, 66, 64, 30, 12, 1], [1, 15, 17, 13, 14, 18, 11, 6, 4, 22, 31, 28, 29, 23, 5, 9, 8, 10, 56, 55, 40, 69, 19, 2, 42, 1]]
Fitness: 503.60422672612185

## 422 Nodes

(env) kinanal-falakh@Kinans-MacBook-Air src % python3 main.py --file ../data/data_422.xml --ants 10 --max_iter 250 --alpha 2 --beta 3 --Q 50 --rho 0.7
Best solution: [[421, 21, 402, 253, 198, 380, 174, 75, 12, 107, 158, 224, 419, 386, 113, 58, 421], [421, 53, 99, 150, 399, 365, 147, 42, 97, 138, 193, 225, 170, 102, 157, 421], [421, 38, 5, 45, 78, 133, 149, 94, 105, 50, 176, 274, 329, 356, 77, 37, 421], [421, 195, 294, 136, 321, 230, 285, 183, 260, 379, 49, 219, 275, 383, 325, 421], [421, 282, 337, 249, 86, 141, 156, 2, 238, 293, 126, 333, 421], [421, 104, 90, 39, 137, 31, 82, 20, 92, 66, 153, 336, 8, 421], [421, 215, 233, 178, 324, 283, 220, 74, 23, 241, 280, 357, 421], [421, 44, 101, 303, 36, 292, 272, 234, 135, 304, 27, 414, 232, 421], [421, 188, 287, 338, 327, 186, 217, 162, 335, 81, 26, 166, 115, 421], [421, 279, 330, 289, 359, 320, 18, 73, 187, 307, 111, 140, 382, 421], [421, 271, 322, 108, 132, 318, 226, 175, 411, 64, 24, 421], [421, 181, 310, 19, 208, 160, 148, 154, 209, 266, 25, 421], [421, 390, 112, 248, 384, 207, 194, 143, 200, 361, 29, 421], [421, 129, 91, 142, 83, 134, 367, 69, 34, 89, 152, 421], [421, 7, 267, 212, 237, 413, 352, 197, 173, 118, 372, 13, 421], [421, 14, 261, 206, 326, 360, 201, 146, 144, 347, 250, 401, 85, 255, 421], [421, 155, 1, 288, 117, 210, 159, 377, 385, 296, 119, 79, 421], [421, 254, 203, 405, 295, 346, 298, 353, 306, 87, 171, 391, 121, 421], [421, 52, 374, 323, 167, 218, 6, 348, 70, 381, 242, 421], [421, 222, 277, 228, 404, 408, 221, 40, 313, 258, 48, 41, 22, 3, 421], [421, 172, 56, 123, 120, 339, 301, 302, 376, 421], [421, 299, 281, 169, 182, 196, 370, 190, 421], [421, 46, 100, 17, 98, 47, 122, 168, 185, 314, 263, 28, 421], [421, 51, 189, 128, 33, 410, 235, 286, 191, 319, 421], [421, 415, 251, 269, 211, 262, 387, 394, 393, 389, 334, 216, 229, 245, 421], [421, 109, 300, 332, 214, 331, 131, 418, 236, 378, 54, 412, 278, 227, 270, 421], [421, 11, 72, 364, 355, 165, 110, 67, 421], [421, 10, 403, 223, 80, 305, 16, 317, 116, 421], [421, 139, 420, 247, 103, 316, 127, 268, 204, 259, 421], [421, 276, 315, 62, 35, 9, 96, 145, 164, 291, 388, 395, 421], [421, 369, 416, 400, 343, 350, 264, 396, 351, 406, 161, 375, 421], [421, 312, 184, 76, 4, 95, 398, 231, 57, 421], [421, 205, 297, 55, 106, 240, 61, 93, 354, 341, 151, 202, 84, 265, 421], [421, 213, 392, 345, 290, 163, 59, 409, 252, 257, 124, 114, 421], [421, 177, 30, 273, 63, 199, 60, 130, 71, 421], [421, 407, 358, 284, 180, 397, 308, 328, 179, 368, 362, 421], [421, 342, 311, 68, 246, 243, 421], [421, 371, 239, 192, 43, 88, 125, 344, 15, 421], [421, 244, 349, 256, 366, 309, 340, 373, 32, 421], [421, 65, 417, 363, 421]]
Fitness: 8204.126153229854

(env) kinanal-falakh@Kinans-MacBook-Air src % python3 main.py --file ../data/data_422.xml --ants 10 --max_iter 250 --alpha 3 --beta 5  --Q 50 --rho 0.7
Best solution: [[421, 312, 348, 84, 340, 266, 396, 230, 67, 209, 387, 421], [421, 54, 136, 164, 102, 52, 167, 251, 261, 344, 335, 16, 319, 286, 421], [421, 327, 307, 379, 418, 269, 376, 325, 73, 384, 370, 421], [421, 211, 249, 315, 128, 359, 229, 155, 80, 28, 421], [421, 127, 6, 116, 145, 201, 381, 199, 34, 89, 105, 50, 337, 421], [421, 197, 11, 414, 77, 318, 374, 32, 218, 141, 86, 235, 226, 349, 210, 421], [421, 420, 298, 386, 109, 37, 341, 62, 200, 289, 43, 281, 253, 82, 31, 263, 421], [421, 46, 304, 357, 181, 125, 22, 395, 421], [421, 410, 121, 33, 256, 252, 68, 202, 224, 421], [421, 193, 40, 255, 267, 72, 108, 309, 41, 293, 421], [421, 26, 81, 378, 360, 236, 3, 53, 275, 92, 390, 250, 421], [421, 95, 222, 55, 106, 287, 119, 23, 74, 169, 417, 186, 363, 421], [421, 90, 39, 290, 313, 361, 314, 394, 91, 153, 265, 347, 354, 306, 421], [421, 402, 195, 45, 57, 29, 78, 79, 291, 246, 51, 401, 358, 421], [421, 75, 232, 114, 15, 388, 296, 187, 213, 272, 216, 392, 285, 421], [421, 170, 365, 168, 132, 5, 228, 421], [421, 64, 94, 239, 144, 364, 342, 345, 129, 284, 421], [421, 172, 244, 190, 14, 47, 98, 397, 27, 243, 21, 421], [421, 107, 196, 180, 308, 166, 240, 373, 159, 7, 87, 104, 352, 421], [421, 270, 150, 220, 178, 162, 259, 161, 207, 254, 4, 8, 421], [421, 300, 194, 409, 204, 65, 112, 123, 160, 175, 212, 137, 421], [421, 362, 332, 326, 302, 60, 380, 262, 206, 115, 242, 421], [421, 135, 61, 280, 17, 58, 113, 130, 110, 321, 316, 208, 421], [421, 19, 227, 346, 103, 278, 120, 25, 101, 122, 329, 403, 149, 405, 330, 421], [421, 48, 279, 2, 13, 71, 356, 408, 70, 421], [421, 301, 400, 404, 277, 143, 297, 245, 367, 421], [421, 238, 338, 184, 217, 165, 118, 156, 247, 385, 93, 117, 415, 134, 36, 421], [421, 350, 179, 85, 1, 99, 234, 133, 389, 369, 339, 343, 320, 421], [421, 124, 273, 12, 66, 154, 276, 393, 311, 421], [421, 63, 35, 56, 372, 299, 131, 147, 421], [421, 96, 264, 282, 237, 407, 371, 177, 324, 205, 59, 225, 421], [421, 203, 383, 333, 260, 173, 288, 139, 151, 419, 38, 142, 303, 219, 42, 421], [421, 231, 351, 377, 69, 375, 182, 198, 100, 421], [421, 355, 176, 191, 148, 292, 171, 305, 411, 83, 317, 146, 421], [421, 163, 334, 323, 257, 140, 111, 310, 188, 295, 88, 223, 421], [421, 274, 18, 215, 406, 76, 233, 258, 20, 152, 368, 331, 271, 294, 421], [421, 49, 416, 413, 192, 44, 268, 328, 322, 9, 391, 421], [421, 283, 412, 353, 183, 174, 126, 10, 30, 138, 421], [421, 336, 382, 366, 398, 248, 157, 241, 185, 421], [421, 158, 399, 189, 221, 97, 214, 24, 421]]
Fitness: 8836.922648905314